1,2,3,4,0,0,0,0,0,0,0,0,0,0,0,0,0,0,0,0,0,0,0,0,0,0,0,0,0,
5,6,7,8,6,9,10,11,12,0,0,0,0,0,0,0,0,0,0,0,0,0,0,0,0,0,0,0,0,
6,13,14,11,15,16,17,18,19,20,21,22,23,24,25,0,0,0,0,0,0,0,0,0,0,0,0,0,0,
26,27,28,21,11,29,30,0,0,0,0,0,0,0,0,0,0,0,0,0,0,0,0,0,0,0,0,0,0,
6,31,32,33,34,4,0,0,0,0,0,0,0,0,0,0,0,0,0,0,0,0,0,0,0,0,0,0,0,
35,36,0,0,0,0,0,0,0,0,0,0,0,0,0,0,0,0,0,0,0,0,0,0,0,0,0,0,0,
37,38,39,40,0,0,0,0,0,0,0,0,0,0,0,0,0,0,0,0,0,0,0,0,0,0,0,0,0,
41,42,43,44,45,46,47,48,49,50,4,0,0,0,0,0,0,0,0,0,0,0,0,0,0,0,0,0,0,
6,7,51,52,4,51,53,54,55,56,24,57,58,0,0,0,0,0,0,0,0,0,0,0,0,0,0,0,0,
59,60,39,45,61,4,27,62,63,45,46,47,45,64,0,0,0,0,0,0,0,0,0,0,0,0,0,0,0,
56,65,66,43,67,68,11,69,70,71,43,31,72,73,4,74,0,0,0,0,0,0,0,0,0,0,0,0,0,
6,7,11,75,76,34,36,0,0,0,0,0,0,0,0,0,0,0,0,0,0,0,0,0,0,0,0,0,0,
41,77,43,63,78,11,79,80,45,4,2,81,82,83,0,0,0,0,0,0,0,0,0,0,0,0,0,0,0,
84,85,86,87,39,88,4,81,82,83,0,0,0,0,0,0,0,0,0,0,0,0,0,0,0,0,0,0,0,
89,77,4,90,91,4,81,82,83,0,0,0,0,0,0,0,0,0,0,0,0,0,0,0,0,0,0,0,0,
92,2,93,94,66,11,95,96,43,11,79,97,4,0,0,0,0,0,0,0,0,0,0,0,0,0,0,0,0,
98,99,97,4,0,0,0,0,0,0,0,0,0,0,0,0,0,0,0,0,0,0,0,0,0,0,0,0,0,
41,100,4,101,0,0,0,0,0,0,0,0,0,0,0,0,0,0,0,0,0,0,0,0,0,0,0,0,0,
27,33,4,2,101,78,102,0,0,0,0,0,0,0,0,0,0,0,0,0,0,0,0,0,0,0,0,0,0,
103,4,2,101,78,104,102,0,0,0,0,0,0,0,0,0,0,0,0,0,0,0,0,0,0,0,0,0,0,
100,80,105,106,4,2,101,78,106,102,0,0,0,0,0,0,0,0,0,0,0,0,0,0,0,0,0,0,0,
1,2,45,107,4,0,0,0,0,0,0,0,0,0,0,0,0,0,0,0,0,0,0,0,0,0,0,0,0,
6,108,39,109,110,39,111,48,112,0,0,0,0,0,0,0,0,0,0,0,0,0,0,0,0,0,0,0,0,
113,67,114,115,6,32,33,116,44,48,0,0,0,0,0,0,0,0,0,0,0,0,0,0,0,0,0,0,0,
1,67,38,117,49,118,39,111,45,119,4,0,0,0,0,0,0,0,0,0,0,0,0,0,0,0,0,0,0,
89,116,120,121,45,107,122,0,0,0,0,0,0,0,0,0,0,0,0,0,0,0,0,0,0,0,0,0,0,
6,123,4,49,7,124,125,126,97,127,128,129,49,130,112,0,0,0,0,0,0,0,0,0,0,0,0,0,0,
6,131,132,4,78,133,134,135,136,137,138,139,140,141,142,143,144,138,145,146,0,0,0,0,0,0,0,0,0,
6,123,45,147,148,0,0,0,0,0,0,0,0,0,0,0,0,0,0,0,0,0,0,0,0,0,0,0,0,
6,123,149,11,150,49,151,93,152,23,45,153,49,132,154,0,0,0,0,0,0,0,0,0,0,0,0,0,0,
1,42,43,155,156,36,0,0,0,0,0,0,0,0,0,0,0,0,0,0,0,0,0,0,0,0,0,0,0,
6,157,11,158,97,159,156,155,160,161,156,4,134,135,162,163,164,165,0,0,0,0,0,0,0,0,0,0,0,
1,77,43,166,56,167,4,0,0,0,0,0,0,0,0,0,0,0,0,0,0,0,0,0,0,0,0,0,0,
1,67,38,48,168,169,112,0,0,0,0,0,0,0,0,0,0,0,0,0,0,0,0,0,0,0,0,0,0,
6,170,171,66,113,67,172,168,173,80,67,174,39,175,56,45,176,0,0,0,0,0,0,0,0,0,0,0,0,
177,93,178,179,163,180,181,182,0,0,0,0,0,0,0,0,0,0,0,0,0,0,0,0,0,0,0,0,0,
1,2,11,4,116,183,184,0,0,0,0,0,0,0,0,0,0,0,0,0,0,0,0,0,0,0,0,0,0,
106,4,185,0,0,0,0,0,0,0,0,0,0,0,0,0,0,0,0,0,0,0,0,0,0,0,0,0,0,
186,106,4,39,187,11,188,0,0,0,0,0,0,0,0,0,0,0,0,0,0,0,0,0,0,0,0,0,0,
6,123,39,189,190,11,191,188,156,11,106,4,0,0,0,0,0,0,0,0,0,0,0,0,0,0,0,0,0,
192,193,23,98,106,112,194,107,21,191,195,0,0,0,0,0,0,0,0,0,0,0,0,0,0,0,0,0,0,
196,197,49,198,39,199,4,0,0,0,0,0,0,0,0,0,0,0,0,0,0,0,0,0,0,0,0,0,0,
6,13,200,11,201,4,202,49,203,21,11,204,200,205,56,206,0,0,0,0,0,0,0,0,0,0,0,0,0,
6,13,207,208,114,209,6,210,211,163,199,172,212,0,0,0,0,0,0,0,0,0,0,0,0,0,0,0,0,
98,99,97,106,4,77,43,213,135,45,214,97,215,216,78,217,39,218,219,39,199,0,0,0,0,0,0,0,0,
1,100,93,44,0,0,0,0,0,0,0,0,0,0,0,0,0,0,0,0,0,0,0,0,0,0,0,0,0,
1,2,220,174,39,72,221,222,4,0,0,0,0,0,0,0,0,0,0,0,0,0,0,0,0,0,0,0,0,
6,223,56,11,224,225,226,156,11,227,228,97,4,0,0,0,0,0,0,0,0,0,0,0,0,0,0,0,0,
6,170,171,98,222,4,229,230,231,49,174,39,72,0,0,0,0,0,0,0,0,0,0,0,0,0,0,0,0,
6,232,39,233,234,235,208,236,0,0,0,0,0,0,0,0,0,0,0,0,0,0,0,0,0,0,0,0,0,
66,43,77,68,33,220,222,237,98,67,38,131,238,231,112,156,48,239,0,0,0,0,0,0,0,0,0,0,0,
6,240,219,195,156,106,4,0,0,0,0,0,0,0,0,0,0,0,0,0,0,0,0,0,0,0,0,0,0,
6,241,242,80,243,21,106,4,0,0,0,0,0,0,0,0,0,0,0,0,0,0,0,0,0,0,0,0,0,
244,68,245,246,39,247,106,195,4,163,106,4,0,0,0,0,0,0,0,0,0,0,0,0,0,0,0,0,0,
248,26,6,247,0,0,0,0,0,0,0,0,0,0,0,0,0,0,0,0,0,0,0,0,0,0,0,0,0,
249,43,250,11,48,4,0,0,0,0,0,0,0,0,0,0,0,0,0,0,0,0,0,0,0,0,0,0,0,
6,219,238,251,252,253,254,0,0,0,0,0,0,0,0,0,0,0,0,0,0,0,0,0,0,0,0,0,0,
41,115,255,56,11,150,97,106,4,0,0,0,0,0,0,0,0,0,0,0,0,0,0,0,0,0,0,0,0,
1,2,256,4,163,257,0,0,0,0,0,0,0,0,0,0,0,0,0,0,0,0,0,0,0,0,0,0,0,
98,2,184,97,45,64,0,0,0,0,0,0,0,0,0,0,0,0,0,0,0,0,0,0,0,0,0,0,0,
1,2,11,48,4,39,258,156,259,260,4,81,0,0,0,0,0,0,0,0,0,0,0,0,0,0,0,0,0,
6,229,219,39,261,49,32,108,39,262,263,264,265,0,0,0,0,0,0,0,0,0,0,0,0,0,0,0,0,
27,229,219,39,261,4,156,24,266,0,0,0,0,0,0,0,0,0,0,0,0,0,0,0,0,0,0,0,0,
267,259,260,4,81,0,0,0,0,0,0,0,0,0,0,0,0,0,0,0,0,0,0,0,0,0,0,0,0,
268,93,269,39,199,270,271,4,0,0,0,0,0,0,0,0,0,0,0,0,0,0,0,0,0,0,0,0,0,
272,4,0,0,0,0,0,0,0,0,0,0,0,0,0,0,0,0,0,0,0,0,0,0,0,0,0,0,0,
268,172,99,97,273,48,156,4,0,0,0,0,0,0,0,0,0,0,0,0,0,0,0,0,0,0,0,0,0,
6,33,252,34,4,59,274,275,39,276,24,277,0,0,0,0,0,0,0,0,0,0,0,0,0,0,0,0,0,
6,32,33,116,99,278,59,93,279,39,230,280,106,4,0,0,0,0,0,0,0,0,0,0,0,0,0,0,0,
281,97,4,56,282,0,0,0,0,0,0,0,0,0,0,0,0,0,0,0,0,0,0,0,0,0,0,0,0,
283,23,4,121,82,211,284,56,282,0,0,0,0,0,0,0,0,0,0,0,0,0,0,0,0,0,0,0,0,
285,210,230,119,0,0,0,0,0,0,0,0,0,0,0,0,0,0,0,0,0,0,0,0,0,0,0,0,0,
1,67,38,106,112,286,0,0,0,0,0,0,0,0,0,0,0,0,0,0,0,0,0,0,0,0,0,0,0,
1,4,2,48,0,0,0,0,0,0,0,0,0,0,0,0,0,0,0,0,0,0,0,0,0,0,0,0,0,
6,33,252,34,237,59,229,219,39,261,38,0,0,0,0,0,0,0,0,0,0,0,0,0,0,0,0,0,0,
6,7,287,38,106,4,288,289,49,93,170,290,263,291,49,292,0,0,0,0,0,0,0,0,0,0,0,0,0,
6,77,123,257,114,293,294,229,230,295,0,0,0,0,0,0,0,0,0,0,0,0,0,0,0,0,0,0,0,
6,7,296,297,298,97,106,0,0,0,0,0,0,0,0,0,0,0,0,0,0,0,0,0,0,0,0,0,0,
299,300,301,7,11,48,302,97,4,0,0,0,0,0,0,0,0,0,0,0,0,0,0,0,0,0,0,0,0,
5,303,304,98,2,45,107,4,305,44,0,0,0,0,0,0,0,0,0,0,0,0,0,0,0,0,0,0,0,
306,307,308,124,39,11,4,309,310,300,301,0,0,0,0,0,0,0,0,0,0,0,0,0,0,0,0,0,0,
248,4,39,311,0,0,0,0,0,0,0,0,0,0,0,0,0,0,0,0,0,0,0,0,0,0,0,0,0,
6,13,312,39,313,314,25,315,21,22,0,0,0,0,0,0,0,0,0,0,0,0,0,0,0,0,0,0,0,
1,99,97,4,26,6,316,0,0,0,0,0,0,0,0,0,0,0,0,0,0,0,0,0,0,0,0,0,0,
1,2,11,48,73,179,4,0,0,0,0,0,0,0,0,0,0,0,0,0,0,0,0,0,0,0,0,0,0,
6,317,318,38,99,97,106,4,0,0,0,0,0,0,0,0,0,0,0,0,0,0,0,0,0,0,0,0,0,
319,110,320,67,45,112,321,48,21,0,0,0,0,0,0,0,0,0,0,0,0,0,0,0,0,0,0,0,0,
1,2,45,107,99,97,4,0,0,0,0,0,0,0,0,0,0,0,0,0,0,0,0,0,0,0,0,0,0,
6,131,219,322,239,161,49,6,323,199,4,324,0,0,0,0,0,0,0,0,0,0,0,0,0,0,0,0,0,
325,6,108,39,261,160,326,97,4,0,0,0,0,0,0,0,0,0,0,0,0,0,0,0,0,0,0,0,0,
327,328,112,7,329,44,0,0,0,0,0,0,0,0,0,0,0,0,0,0,0,0,0,0,0,0,0,0,0,
330,51,331,259,199,4,156,212,81,0,0,0,0,0,0,0,0,0,0,0,0,0,0,0,0,0,0,0,0,
27,31,287,39,199,11,332,97,4,0,0,0,0,0,0,0,0,0,0,0,0,0,0,0,0,0,0,0,0,
27,31,333,165,0,0,0,0,0,0,0,0,0,0,0,0,0,0,0,0,0,0,0,0,0,0,0,0,0,
1,99,97,112,67,328,168,0,0,0,0,0,0,0,0,0,0,0,0,0,0,0,0,0,0,0,0,0,0,
268,113,11,334,21,335,4,0,0,0,0,0,0,0,0,0,0,0,0,0,0,0,0,0,0,0,0,0,0,
4,78,45,336,0,0,0,0,0,0,0,0,0,0,0,0,0,0,0,0,0,0,0,0,0,0,0,0,0,
337,159,56,338,230,339,39,340,11,341,21,335,4,0,0,0,0,0,0,0,0,0,0,0,0,0,0,0,0,
268,4,342,56,343,168,56,338,0,0,0,0,0,0,0,0,0,0,0,0,0,0,0,0,0,0,0,0,0,
344,23,4,309,0,0,0,0,0,0,0,0,0,0,0,0,0,0,0,0,0,0,0,0,0,0,0,0,0,
6,7,124,345,39,11,4,309,346,347,11,348,59,349,45,350,0,0,0,0,0,0,0,0,0,0,0,0,0,
6,351,33,293,34,4,0,0,0,0,0,0,0,0,0,0,0,0,0,0,0,0,0,0,0,0,0,0,0,
6,33,34,352,45,4,39,241,110,353,93,354,49,11,348,97,355,286,97,112,0,0,0,0,0,0,0,0,0,
356,97,11,357,358,359,360,36,0,0,0,0,0,0,0,0,0,0,0,0,0,0,0,0,0,0,0,0,0,
361,362,363,364,365,103,366,4,0,0,0,0,0,0,0,0,0,0,0,0,0,0,0,0,0,0,0,0,0,
41,77,27,367,368,369,0,0,0,0,0,0,0,0,0,0,0,0,0,0,0,0,0,0,0,0,0,0,0,
24,370,2,371,11,158,97,372,373,374,79,97,375,4,0,0,0,0,0,0,0,0,0,0,0,0,0,0,0,
376,34,4,324,0,0,0,0,0,0,0,0,0,0,0,0,0,0,0,0,0,0,0,0,0,0,0,0,0,
377,36,378,0,0,0,0,0,0,0,0,0,0,0,0,0,0,0,0,0,0,0,0,0,0,0,0,0,0,
1,77,43,317,97,379,380,199,201,4,0,0,0,0,0,0,0,0,0,0,0,0,0,0,0,0,0,0,0,
1,67,38,48,238,112,0,0,0,0,0,0,0,0,0,0,0,0,0,0,0,0,0,0,0,0,0,0,0,
274,68,263,381,156,112,0,0,0,0,0,0,0,0,0,0,0,0,0,0,0,0,0,0,0,0,0,0,0,
6,31,382,342,4,383,49,27,32,131,33,172,173,0,0,0,0,0,0,0,0,0,0,0,0,0,0,0,0,
98,67,38,48,384,251,68,385,163,291,0,0,0,0,0,0,0,0,0,0,0,0,0,0,0,0,0,0,0,
386,42,387,230,106,163,103,163,388,0,0,0,0,0,0,0,0,0,0,0,0,0,0,0,0,0,0,0,0,
389,390,391,36,0,0,0,0,0,0,0,0,0,0,0,0,0,0,0,0,0,0,0,0,0,0,0,0,0,
1,2,167,392,97,393,380,161,389,390,394,4,0,0,0,0,0,0,0,0,0,0,0,0,0,0,0,0,0,
27,131,108,39,261,11,4,395,238,56,44,0,0,0,0,0,0,0,0,0,0,0,0,0,0,0,0,0,0,
396,287,45,253,112,49,27,397,0,0,0,0,0,0,0,0,0,0,0,0,0,0,0,0,0,0,0,0,0,
172,398,0,0,0,0,0,0,0,0,0,0,0,0,0,0,0,0,0,0,0,0,0,0,0,0,0,0,0,
41,42,27,276,399,101,4,0,0,0,0,0,0,0,0,0,0,0,0,0,0,0,0,0,0,0,0,0,0,
27,400,401,66,45,402,44,48,0,0,0,0,0,0,0,0,0,0,0,0,0,0,0,0,0,0,0,0,0,
403,311,80,404,405,406,0,0,0,0,0,0,0,0,0,0,0,0,0,0,0,0,0,0,0,0,0,0,0,
407,39,33,45,408,23,110,39,276,4,0,0,0,0,0,0,0,0,0,0,0,0,0,0,0,0,0,0,0,
409,39,410,21,411,412,229,413,0,0,0,0,0,0,0,0,0,0,0,0,0,0,0,0,0,0,0,0,0,
248,106,4,26,6,261,0,0,0,0,0,0,0,0,0,0,0,0,0,0,0,0,0,0,0,0,0,0,0,
6,260,106,4,414,59,93,170,329,0,0,0,0,0,0,0,0,0,0,0,0,0,0,0,0,0,0,0,0,
415,219,416,49,113,170,417,172,418,44,56,93,0,0,0,0,0,0,0,0,0,0,0,0,0,0,0,0,0,
248,419,77,43,317,6,26,261,0,0,0,0,0,0,0,0,0,0,0,0,0,0,0,0,0,0,0,0,0,
6,420,93,371,45,421,97,422,102,49,318,423,0,0,0,0,0,0,0,0,0,0,0,0,0,0,0,0,0,
1,2,11,424,4,0,0,0,0,0,0,0,0,0,0,0,0,0,0,0,0,0,0,0,0,0,0,0,0,
1,67,45,48,112,39,7,425,156,426,0,0,0,0,0,0,0,0,0,0,0,0,0,0,0,0,0,0,0,
427,428,42,230,429,430,11,237,328,431,45,432,0,0,0,0,0,0,0,0,0,0,0,0,0,0,0,0,0,
369,42,230,101,78,433,97,434,59,240,435,436,437,49,438,45,439,440,0,0,0,0,0,0,0,0,0,0,0,
1,67,38,441,112,80,43,442,7,443,163,444,445,56,167,446,0,0,0,0,0,0,0,0,0,0,0,0,0,
447,369,0,0,0,0,0,0,0,0,0,0,0,0,0,0,0,0,0,0,0,0,0,0,0,0,0,0,0,
307,33,172,48,448,106,112,80,6,449,44,0,0,0,0,0,0,0,0,0,0,0,0,0,0,0,0,0,0,
6,7,124,450,115,451,49,452,122,0,0,0,0,0,0,0,0,0,0,0,0,0,0,0,0,0,0,0,0,
6,7,124,453,39,44,448,122,97,454,97,45,455,0,0,0,0,0,0,0,0,0,0,0,0,0,0,0,0,
1,456,26,6,28,21,56,11,36,457,0,0,0,0,0,0,0,0,0,0,0,0,0,0,0,0,0,0,0,
6,13,56,458,97,11,4,459,39,460,24,461,97,4,0,0,0,0,0,0,0,0,0,0,0,0,0,0,0,
462,463,49,4,0,0,0,0,0,0,0,0,0,0,0,0,0,0,0,0,0,0,0,0,0,0,0,0,0,
42,11,464,463,465,426,80,170,466,156,195,4,0,0,0,0,0,0,0,0,0,0,0,0,0,0,0,0,0,
467,100,45,4,44,256,468,469,470,0,0,0,0,0,0,0,0,0,0,0,0,0,0,0,0,0,0,0,0,
159,219,39,233,112,21,115,288,471,45,472,93,2,45,256,93,44,0,0,0,0,0,0,0,0,0,0,0,0,
2,313,473,0,0,0,0,0,0,0,0,0,0,0,0,0,0,0,0,0,0,0,0,0,0,0,0,0,0,
98,474,39,45,4,0,0,0,0,0,0,0,0,0,0,0,0,0,0,0,0,0,0,0,0,0,0,0,0,
110,444,220,470,4,44,256,181,475,476,101,112,0,0,0,0,0,0,0,0,0,0,0,0,0,0,0,0,0,
67,113,172,477,478,479,39,480,159,481,4,286,482,0,0,0,0,0,0,0,0,0,0,0,0,0,0,0,0,
192,103,112,0,0,0,0,0,0,0,0,0,0,0,0,0,0,0,0,0,0,0,0,0,0,0,0,0,0,
483,33,38,103,4,484,0,0,0,0,0,0,0,0,0,0,0,0,0,0,0,0,0,0,0,0,0,0,0,
330,485,175,486,0,0,0,0,0,0,0,0,0,0,0,0,0,0,0,0,0,0,0,0,0,0,0,0,0,
306,307,487,488,4,0,0,0,0,0,0,0,0,0,0,0,0,0,0,0,0,0,0,0,0,0,0,0,0,
53,6,489,45,490,4,0,0,0,0,0,0,0,0,0,0,0,0,0,0,0,0,0,0,0,0,0,0,0,
491,43,492,34,11,48,309,237,67,43,493,34,11,441,494,495,291,44,0,0,0,0,0,0,0,0,0,0,0,
285,43,229,311,78,11,79,97,4,0,0,0,0,0,0,0,0,0,0,0,0,0,0,0,0,0,0,0,0,
496,6,497,45,498,238,44,0,0,0,0,0,0,0,0,0,0,0,0,0,0,0,0,0,0,0,0,0,0,
1,67,45,298,97,342,4,78,11,4,150,0,0,0,0,0,0,0,0,0,0,0,0,0,0,0,0,0,0,
327,26,4,230,499,56,11,4,150,0,0,0,0,0,0,0,0,0,0,0,0,0,0,0,0,0,0,0,0,
27,500,80,45,501,97,45,150,502,45,44,0,0,0,0,0,0,0,0,0,0,0,0,0,0,0,0,0,0,
27,77,33,93,183,256,78,11,4,150,181,11,503,0,0,0,0,0,0,0,0,0,0,0,0,0,0,0,0,
98,121,4,44,256,78,504,56,11,4,150,0,0,0,0,0,0,0,0,0,0,0,0,0,0,0,0,0,0,
36,76,407,45,505,506,507,0,0,0,0,0,0,0,0,0,0,0,0,0,0,0,0,0,0,0,0,0,0,
1,508,45,212,509,56,11,79,97,4,0,0,0,0,0,0,0,0,0,0,0,0,0,0,0,0,0,0,0,
355,510,97,511,0,0,0,0,0,0,0,0,0,0,0,0,0,0,0,0,0,0,0,0,0,0,0,0,0,
268,512,323,313,50,0,0,0,0,0,0,0,0,0,0,0,0,0,0,0,0,0,0,0,0,0,0,0,0,
249,4,513,0,0,0,0,0,0,0,0,0,0,0,0,0,0,0,0,0,0,0,0,0,0,0,0,0,0,
6,33,80,4,514,513,0,0,0,0,0,0,0,0,0,0,0,0,0,0,0,0,0,0,0,0,0,0,0,
515,472,93,516,45,256,93,2,0,0,0,0,0,0,0,0,0,0,0,0,0,0,0,0,0,0,0,0,0,
517,240,518,80,2,45,519,2,367,49,68,520,9,513,0,0,0,0,0,0,0,0,0,0,0,0,0,0,0,
1,2,521,36,0,0,0,0,0,0,0,0,0,0,0,0,0,0,0,0,0,0,0,0,0,0,0,0,0,
522,2,11,523,238,103,4,80,2,523,524,0,0,0,0,0,0,0,0,0,0,0,0,0,0,0,0,0,0,
525,78,102,235,526,527,528,529,21,393,380,198,4,0,0,0,0,0,0,0,0,0,0,0,0,0,0,0,0,
299,141,530,49,531,7,48,4,0,0,0,0,0,0,0,0,0,0,0,0,0,0,0,0,0,0,0,0,0,
4,532,533,80,141,530,49,531,4,2,68,523,48,0,0,0,0,0,0,0,0,0,0,0,0,0,0,0,0,
268,313,473,0,0,0,0,0,0,0,0,0,0,0,0,0,0,0,0,0,0,0,0,0,0,0,0,0,0,
2,313,31,534,535,536,0,0,0,0,0,0,0,0,0,0,0,0,0,0,0,0,0,0,0,0,0,0,0,
6,407,11,48,537,4,21,538,539,0,0,0,0,0,0,0,0,0,0,0,0,0,0,0,0,0,0,0,0,
6,131,219,253,237,59,24,540,541,93,184,0,0,0,0,0,0,0,0,0,0,0,0,0,0,0,0,0,0,
299,307,33,11,48,542,0,0,0,0,0,0,0,0,0,0,0,0,0,0,0,0,0,0,0,0,0,0,0,
36,543,0,0,0,0,0,0,0,0,0,0,0,0,0,0,0,0,0,0,0,0,0,0,0,0,0,0,0,
1,67,45,4,544,545,113,0,0,0,0,0,0,0,0,0,0,0,0,0,0,0,0,0,0,0,0,0,0,
1,546,42,43,213,317,97,0,0,0,0,0,0,0,0,0,0,0,0,0,0,0,0,0,0,0,0,0,0,
515,107,103,4,0,0,0,0,0,0,0,0,0,0,0,0,0,0,0,0,0,0,0,0,0,0,0,0,0,
1,2,11,547,253,103,4,0,0,0,0,0,0,0,0,0,0,0,0,0,0,0,0,0,0,0,0,0,0,
274,11,548,97,103,4,0,0,0,0,0,0,0,0,0,0,0,0,0,0,0,0,0,0,0,0,0,0,0,
259,549,98,2,11,48,550,39,551,0,0,0,0,0,0,0,0,0,0,0,0,0,0,0,0,0,0,0,0,
1,2,45,552,553,39,460,4,0,0,0,0,0,0,0,0,0,0,0,0,0,0,0,0,0,0,0,0,0,
554,555,556,11,4,557,21,558,0,0,0,0,0,0,0,0,0,0,0,0,0,0,0,0,0,0,0,0,0,
49,108,39,33,98,45,552,553,39,460,103,4,2,0,0,0,0,0,0,0,0,0,0,0,0,0,0,0,0,
36,559,0,0,0,0,0,0,0,0,0,0,0,0,0,0,0,0,0,0,0,0,0,0,0,0,0,0,0,
98,77,43,350,229,230,11,48,560,4,561,0,0,0,0,0,0,0,0,0,0,0,0,0,0,0,0,0,0,
27,317,27,108,39,261,562,238,0,0,0,0,0,0,0,0,0,0,0,0,0,0,0,0,0,0,0,0,0,
563,220,221,4,254,0,0,0,0,0,0,0,0,0,0,0,0,0,0,0,0,0,0,0,0,0,0,0,0,
1,229,276,11,564,565,4,0,0,0,0,0,0,0,0,0,0,0,0,0,0,0,0,0,0,0,0,0,0,
6,108,39,311,11,75,461,97,4,21,24,476,4,566,6,489,0,0,0,0,0,0,0,0,0,0,0,0,0,
1,229,276,11,48,4,80,567,48,49,568,68,569,0,0,0,0,0,0,0,0,0,0,0,0,0,0,0,0,
6,170,570,97,571,572,59,573,6,229,574,313,545,113,0,0,0,0,0,0,0,0,0,0,0,0,0,0,0,
36,575,83,576,0,0,0,0,0,0,0,0,0,0,0,0,0,0,0,0,0,0,0,0,0,0,0,0,0,
577,21,11,564,79,4,21,313,578,0,0,0,0,0,0,0,0,0,0,0,0,0,0,0,0,0,0,0,0,
6,32,33,264,34,4,49,13,31,149,382,23,0,0,0,0,0,0,0,0,0,0,0,0,0,0,0,0,0,
98,6,579,2,11,580,97,581,112,0,0,0,0,0,0,0,0,0,0,0,0,0,0,0,0,0,0,0,0,
522,79,9,230,45,560,6,175,582,0,0,0,0,0,0,0,0,0,0,0,0,0,0,0,0,0,0,0,0,
6,317,583,219,11,584,585,586,49,587,0,0,0,0,0,0,0,0,0,0,0,0,0,0,0,0,0,0,0,
36,588,0,0,0,0,0,0,0,0,0,0,0,0,0,0,0,0,0,0,0,0,0,0,0,0,0,0,0,
6,589,11,4,590,80,591,23,45,592,0,0,0,0,0,0,0,0,0,0,0,0,0,0,0,0,0,0,0,
6,223,56,11,523,593,594,0,0,0,0,0,0,0,0,0,0,0,0,0,0,0,0,0,0,0,0,0,0,
6,229,595,39,7,4,73,596,24,597,0,0,0,0,0,0,0,0,0,0,0,0,0,0,0,0,0,0,0,
598,599,600,601,4,0,0,0,0,0,0,0,0,0,0,0,0,0,0,0,0,0,0,0,0,0,0,0,0,
602,603,288,604,100,4,131,311,256,156,215,0,0,0,0,0,0,0,0,0,0,0,0,0,0,0,0,0,0,
268,599,600,601,4,172,48,56,45,560,605,0,0,0,0,0,0,0,0,0,0,0,0,0,0,0,0,0,0,
268,4,11,48,606,21,607,21,24,608,0,0,0,0,0,0,0,0,0,0,0,0,0,0,0,0,0,0,0,
6,32,33,264,34,4,0,0,0,0,0,0,0,0,0,0,0,0,0,0,0,0,0,0,0,0,0,0,0,
34,110,264,2,11,227,79,97,4,0,0,0,0,0,0,0,0,0,0,0,0,0,0,0,0,0,0,0,0,
299,4,7,609,610,23,611,0,0,0,0,0,0,0,0,0,0,0,0,0,0,0,0,0,0,0,0,0,0,
612,500,38,159,613,80,4,614,11,48,610,23,45,611,156,45,4,615,45,616,97,617,0,0,0,0,0,0,0,
386,613,618,45,106,4,100,48,39,45,611,0,0,0,0,0,0,0,0,0,0,0,0,0,0,0,0,0,0,
6,13,68,619,45,620,621,97,237,97,622,0,0,0,0,0,0,0,0,0,0,0,0,0,0,0,0,0,0,
268,93,473,0,0,0,0,0,0,0,0,0,0,0,0,0,0,0,0,0,0,0,0,0,0,0,0,0,0,
1,77,43,317,97,623,4,0,0,0,0,0,0,0,0,0,0,0,0,0,0,0,0,0,0,0,0,0,0,
515,112,97,624,311,625,73,596,45,626,59,185,48,4,2,504,101,73,596,627,0,0,0,0,0,0,0,0,0,
1,77,43,317,97,623,4,0,0,0,0,0,0,0,0,0,0,0,0,0,0,0,0,0,0,0,0,0,0,
6,628,313,131,629,630,34,623,4,0,0,0,0,0,0,0,0,0,0,0,0,0,0,0,0,0,0,0,0,
41,320,42,43,631,11,632,79,97,4,23,45,633,81,93,634,50,0,0,0,0,0,0,0,0,0,0,0,0,
6,170,68,11,4,635,0,0,0,0,0,0,0,0,0,0,0,0,0,0,0,0,0,0,0,0,0,0,0,
59,383,6,13,275,39,636,4,637,0,0,0,0,0,0,0,0,0,0,0,0,0,0,0,0,0,0,0,0,
638,43,7,172,639,97,48,4,0,0,0,0,0,0,0,0,0,0,0,0,0,0,0,0,0,0,0,0,0,
97,622,231,122,0,0,0,0,0,0,0,0,0,0,0,0,0,0,0,0,0,0,0,0,0,0,0,0,0,
559,34,14,4,0,0,0,0,0,0,0,0,0,0,0,0,0,0,0,0,0,0,0,0,0,0,0,0,0,
337,640,641,433,642,49,643,644,433,642,276,11,645,4,0,0,0,0,0,0,0,0,0,0,0,0,0,0,0,
646,6,31,489,11,79,97,195,4,135,11,606,425,156,160,647,0,0,0,0,0,0,0,0,0,0,0,0,0,
486,6,648,649,6,7,259,650,4,651,652,49,45,541,0,0,0,0,0,0,0,0,0,0,0,0,0,0,0,
45,639,97,653,195,4,2,654,0,0,0,0,0,0,0,0,0,0,0,0,0,0,0,0,0,0,0,0,0,
100,653,195,4,655,172,656,657,0,0,0,0,0,0,0,0,0,0,0,0,0,0,0,0,0,0,0,0,0,
2,93,45,658,135,342,212,0,0,0,0,0,0,0,0,0,0,0,0,0,0,0,0,0,0,0,0,0,0,
299,659,4,0,0,0,0,0,0,0,0,0,0,0,0,0,0,0,0,0,0,0,0,0,0,0,0,0,0,
660,500,80,93,26,230,48,39,199,38,4,0,0,0,0,0,0,0,0,0,0,0,0,0,0,0,0,0,0,
661,259,199,134,11,662,0,0,0,0,0,0,0,0,0,0,0,0,0,0,0,0,0,0,0,0,0,0,0,
36,663,0,0,0,0,0,0,0,0,0,0,0,0,0,0,0,0,0,0,0,0,0,0,0,0,0,0,0,
6,13,664,39,10,165,24,4,665,49,6,13,666,21,38,398,97,48,112,80,159,7,444,445,56,534,446,0,0,
6,667,23,371,34,668,272,49,669,103,0,0,0,0,0,0,0,0,0,0,0,0,0,0,0,0,0,0,0,
1,4,2,48,21,670,0,0,0,0,0,0,0,0,0,0,0,0,0,0,0,0,0,0,0,0,0,0,0,
27,108,562,27,42,240,199,671,0,0,0,0,0,0,0,0,0,0,0,0,0,0,0,0,0,0,0,0,0,
59,27,51,33,672,103,112,673,49,674,675,0,0,0,0,0,0,0,0,0,0,0,0,0,0,0,0,0,0,
67,676,64,112,269,21,14,670,0,0,0,0,0,0,0,0,0,0,0,0,0,0,0,0,0,0,0,0,0,
42,43,199,355,112,0,0,0,0,0,0,0,0,0,0,0,0,0,0,0,0,0,0,0,0,0,0,0,0,
249,43,7,355,112,677,39,677,163,2,80,678,640,679,0,0,0,0,0,0,0,0,0,0,0,0,0,0,0,
583,219,39,33,680,34,681,112,21,682,0,0,0,0,0,0,0,0,0,0,0,0,0,0,0,0,0,0,0,
6,32,33,110,39,258,156,681,237,682,683,684,685,0,0,0,0,0,0,0,0,0,0,0,0,0,0,0,0,
6,407,38,480,156,686,4,0,0,0,0,0,0,0,0,0,0,0,0,0,0,0,0,0,0,0,0,0,0,
6,108,39,687,24,688,11,523,523,523,48,4,79,0,0,0,0,0,0,0,0,0,0,0,0,0,0,0,0,
6,13,275,39,689,545,246,113,67,690,545,113,49,691,241,66,6,42,311,692,419,97,45,693,461,135,11,694,0,
268,113,172,695,696,56,45,697,163,637,698,419,80,0,0,0,0,0,0,0,0,0,0,0,0,0,0,0,0,
248,2,11,48,4,606,0,0,0,0,0,0,0,0,0,0,0,0,0,0,0,0,0,0,0,0,0,0,0,
554,699,700,2,149,701,56,702,0,0,0,0,0,0,0,0,0,0,0,0,0,0,0,0,0,0,0,0,0,
515,419,80,703,430,24,704,2,705,0,0,0,0,0,0,0,0,0,0,0,0,0,0,0,0,0,0,0,0,
6,317,93,9,230,11,228,606,39,706,0,0,0,0,0,0,0,0,0,0,0,0,0,0,0,0,0,0,0,
707,6,13,708,34,116,4,39,175,0,0,0,0,0,0,0,0,0,0,0,0,0,0,0,0,0,0,0,0,
299,238,4,709,710,711,0,0,0,0,0,0,0,0,0,0,0,0,0,0,0,0,0,0,0,0,0,0,0,
6,170,342,238,106,237,114,170,171,66,93,712,710,711,0,0,0,0,0,0,0,0,0,0,0,0,0,0,0,
713,36,0,0,0,0,0,0,0,0,0,0,0,0,0,0,0,0,0,0,0,0,0,0,0,0,0,0,0,
714,2,11,48,605,39,715,39,175,131,48,195,4,0,0,0,0,0,0,0,0,0,0,0,0,0,0,0,0,
716,135,717,103,4,0,0,0,0,0,0,0,0,0,0,0,0,0,0,0,0,0,0,0,0,0,0,0,0,
4,80,229,715,425,547,156,718,719,0,0,0,0,0,0,0,0,0,0,0,0,0,0,0,0,0,0,0,0,
41,39,687,4,720,135,11,606,0,0,0,0,0,0,0,0,0,0,0,0,0,0,0,0,0,0,0,0,0,
59,27,32,33,110,39,166,93,721,722,0,0,0,0,0,0,0,0,0,0,0,0,0,0,0,0,0,0,0,
723,97,31,724,725,54,4,720,0,0,0,0,0,0,0,0,0,0,0,0,0,0,0,0,0,0,0,0,0,
726,97,272,36,0,0,0,0,0,0,0,0,0,0,0,0,0,0,0,0,0,0,0,0,0,0,0,0,0,
41,320,2,106,4,48,21,727,45,728,614,124,729,0,0,0,0,0,0,0,0,0,0,0,0,0,0,0,0,
730,4,0,0,0,0,0,0,0,0,0,0,0,0,0,0,0,0,0,0,0,0,0,0,0,0,0,0,0,
6,219,447,106,4,78,731,0,0,0,0,0,0,0,0,0,0,0,0,0,0,0,0,0,0,0,0,0,0,
732,4,733,0,0,0,0,0,0,0,0,0,0,0,0,0,0,0,0,0,0,0,0,0,0,0,0,0,0,
1,2,45,107,4,305,487,0,0,0,0,0,0,0,0,0,0,0,0,0,0,0,0,0,0,0,0,0,0,
49,98,112,311,45,734,735,310,4,736,0,0,0,0,0,0,0,0,0,0,0,0,0,0,0,0,0,0,0,
98,2,45,46,47,524,4,49,231,4,0,0,0,0,0,0,0,0,0,0,0,0,0,0,0,0,0,0,0,
27,77,68,737,582,11,738,59,27,77,123,4,49,318,9,739,419,0,0,0,0,0,0,0,0,0,0,0,0,
2,524,106,4,740,21,43,0,0,0,0,0,0,0,0,0,0,0,0,0,0,0,0,0,0,0,0,0,0,
730,4,0,0,0,0,0,0,0,0,0,0,0,0,0,0,0,0,0,0,0,0,0,0,0,0,0,0,0,
1,2,167,741,4,49,98,77,43,7,93,156,0,0,0,0,0,0,0,0,0,0,0,0,0,0,0,0,0,
742,468,77,43,199,93,0,0,0,0,0,0,0,0,0,0,0,0,0,0,0,0,0,0,0,0,0,0,0,
36,743,0,0,0,0,0,0,0,0,0,0,0,0,0,0,0,0,0,0,0,0,0,0,0,0,0,0,0,
6,123,4,0,0,0,0,0,0,0,0,0,0,0,0,0,0,0,0,0,0,0,0,0,0,0,0,0,0,
89,315,2,312,39,230,24,560,83,4,309,744,23,11,540,0,0,0,0,0,0,0,0,0,0,0,0,0,0,
268,113,293,6,26,33,0,0,0,0,0,0,0,0,0,0,0,0,0,0,0,0,0,0,0,0,0,0,0,
1,77,43,317,2,11,48,585,221,745,4,0,0,0,0,0,0,0,0,0,0,0,0,0,0,0,0,0,0,
6,7,11,559,34,4,0,0,0,0,0,0,0,0,0,0,0,0,0,0,0,0,0,0,0,0,0,0,0,
330,746,0,0,0,0,0,0,0,0,0,0,0,0,0,0,0,0,0,0,0,0,0,0,0,0,0,0,0,
327,2,106,4,323,747,56,11,104,163,748,749,79,0,0,0,0,0,0,0,0,0,0,0,0,0,0,0,0,
49,327,2,103,4,323,747,56,11,750,79,0,0,0,0,0,0,0,0,0,0,0,0,0,0,0,0,0,0,
751,327,2,93,80,159,613,43,26,752,103,237,59,106,4,2,323,753,545,97,45,754,0,0,0,0,0,0,0,
1,121,4,231,0,0,0,0,0,0,0,0,0,0,0,0,0,0,0,0,0,0,0,0,0,0,0,0,0,
6,108,39,33,45,46,47,45,164,755,79,97,4,49,45,756,755,79,97,4,0,0,0,0,0,0,0,0,0,
36,56,757,0,0,0,0,0,0,0,0,0,0,0,0,0,0,0,0,0,0,0,0,0,0,0,0,0,0,
491,758,11,19,49,93,759,21,103,4,0,0,0,0,0,0,0,0,0,0,0,0,0,0,0,0,0,0,0,
98,67,43,760,39,247,0,0,0,0,0,0,0,0,0,0,0,0,0,0,0,0,0,0,0,0,0,0,0,
386,32,761,105,4,762,471,691,6,763,230,764,39,175,93,471,274,765,347,11,766,0,0,0,0,0,0,0,0,
1,13,6,760,39,230,666,21,0,0,0,0,0,0,0,0,0,0,0,0,0,0,0,0,0,0,0,0,0,
767,768,369,0,0,0,0,0,0,0,0,0,0,0,0,0,0,0,0,0,0,0,0,0,0,0,0,0,0,
6,13,56,45,408,97,769,24,770,21,771,772,0,0,0,0,0,0,0,0,0,0,0,0,0,0,0,0,0,
6,7,773,774,405,39,45,775,755,27,42,311,93,21,0,0,0,0,0,0,0,0,0,0,0,0,0,0,0,
776,6,13,371,372,156,45,112,0,0,0,0,0,0,0,0,0,0,0,0,0,0,0,0,0,0,0,0,0,
6,108,39,77,11,106,49,103,4,23,777,778,0,0,0,0,0,0,0,0,0,0,0,0,0,0,0,0,0,
192,221,779,163,780,93,449,781,230,589,310,11,782,234,0,0,0,0,0,0,0,0,0,0,0,0,0,0,0,
783,433,4,2,48,21,297,0,0,0,0,0,0,0,0,0,0,0,0,0,0,0,0,0,0,0,0,0,0,
784,38,613,342,4,2,48,21,297,0,0,0,0,0,0,0,0,0,0,0,0,0,0,0,0,0,0,0,0,
274,666,21,11,785,238,4,80,6,42,72,310,11,786,787,460,0,0,0,0,0,0,0,0,0,0,0,0,0,
6,33,788,252,34,4,0,0,0,0,0,0,0,0,0,0,0,0,0,0,0,0,0,0,0,0,0,0,0,
789,4,80,2,238,68,291,0,0,0,0,0,0,0,0,0,0,0,0,0,0,0,0,0,0,0,0,0,0,
638,43,33,34,11,25,4,0,0,0,0,0,0,0,0,0,0,0,0,0,0,0,0,0,0,0,0,0,0,
98,2,11,25,4,0,0,0,0,0,0,0,0,0,0,0,0,0,0,0,0,0,0,0,0,0,0,0,0,
2,93,790,51,21,195,0,0,0,0,0,0,0,0,0,0,0,0,0,0,0,0,0,0,0,0,0,0,0,
791,112,0,0,0,0,0,0,0,0,0,0,0,0,0,0,0,0,0,0,0,0,0,0,0,0,0,0,0,
6,13,666,21,11,48,238,106,4,0,0,0,0,0,0,0,0,0,0,0,0,0,0,0,0,0,0,0,0,
6,792,45,793,310,45,794,97,45,795,460,49,796,797,11,798,419,80,183,219,799,212,0,0,0,0,0,0,0,
6,383,589,11,79,97,4,800,49,6,13,769,39,801,93,21,38,83,0,0,0,0,0,0,0,0,0,0,0,
249,93,230,802,0,0,0,0,0,0,0,0,0,0,0,0,0,0,0,0,0,0,0,0,0,0,0,0,0,
5,303,110,320,42,6,801,93,235,803,253,49,748,804,0,0,0,0,0,0,0,0,0,0,0,0,0,0,0,
6,170,805,347,45,4,806,68,39,801,93,21,680,181,11,766,0,0,0,0,0,0,0,0,0,0,0,0,0,
36,559,0,0,0,0,0,0,0,0,0,0,0,0,0,0,0,0,0,0,0,0,0,0,0,0,0,0,0,
100,45,44,739,807,163,808,0,0,0,0,0,0,0,0,0,0,0,0,0,0,0,0,0,0,0,0,0,0,
809,21,14,106,4,0,0,0,0,0,0,0,0,0,0,0,0,0,0,0,0,0,0,0,0,0,0,0,0,
6,108,11,810,19,21,14,272,4,310,399,0,0,0,0,0,0,0,0,0,0,0,0,0,0,0,0,0,0,
6,811,469,48,21,159,156,611,812,0,0,0,0,0,0,0,0,0,0,0,0,0,0,0,0,0,0,0,0,
6,13,666,39,311,11,79,97,106,4,21,11,813,21,558,0,0,0,0,0,0,0,0,0,0,0,0,0,0,
6,32,33,116,39,311,49,32,108,39,262,263,264,0,0,0,0,0,0,0,0,0,0,0,0,0,0,0,0,
554,814,2,815,0,0,0,0,0,0,0,0,0,0,0,0,0,0,0,0,0,0,0,0,0,0,0,0,0,
268,113,307,80,816,534,112,49,42,480,40,545,0,0,0,0,0,0,0,0,0,0,0,0,0,0,0,0,0,
268,817,4,172,180,97,11,4,181,103,163,106,0,0,0,0,0,0,0,0,0,0,0,0,0,0,0,0,0,
612,500,818,4,733,32,199,817,4,0,0,0,0,0,0,0,0,0,0,0,0,0,0,0,0,0,0,0,0,
36,819,0,0,0,0,0,0,0,0,0,0,0,0,0,0,0,0,0,0,0,0,0,0,0,0,0,0,0,
9,11,158,97,4,276,40,820,438,66,27,465,821,73,822,0,0,0,0,0,0,0,0,0,0,0,0,0,0,
248,2,823,106,4,163,103,4,0,0,0,0,0,0,0,0,0,0,0,0,0,0,0,0,0,0,0,0,0,
268,45,212,509,97,824,180,181,237,0,0,0,0,0,0,0,0,0,0,0,0,0,0,0,0,0,0,0,0,
9,93,311,43,52,180,825,0,0,0,0,0,0,0,0,0,0,0,0,0,0,0,0,0,0,0,0,0,0,
36,80,826,56,827,0,0,0,0,0,0,0,0,0,0,0,0,0,0,0,0,0,0,0,0,0,0,0,0,
6,13,666,21,38,828,537,4,80,9,826,56,827,0,0,0,0,0,0,0,0,0,0,0,0,0,0,0,0,
491,2,106,4,829,0,0,0,0,0,0,0,0,0,0,0,0,0,0,0,0,0,0,0,0,0,0,0,0,
6,31,830,49,24,476,605,2,831,97,832,833,834,6,7,835,836,0,0,0,0,0,0,0,0,0,0,0,0,
6,13,769,23,149,11,4,682,459,59,2,24,106,4,829,837,347,504,56,313,838,0,0,0,0,0,0,0,0,
299,131,524,4,44,256,0,0,0,0,0,0,0,0,0,0,0,0,0,0,0,0,0,0,0,0,0,0,0,
6,33,80,11,48,4,2,312,39,178,680,0,0,0,0,0,0,0,0,0,0,0,0,0,0,0,0,0,0,
515,328,524,4,6,650,170,78,11,218,755,79,0,0,0,0,0,0,0,0,0,0,0,0,0,0,0,0,0,
6,573,93,170,788,839,0,0,0,0,0,0,0,0,0,0,0,0,0,0,0,0,0,0,0,0,0,0,0,
319,11,840,156,777,841,73,170,119,156,45,637,0,0,0,0,0,0,0,0,0,0,0,0,0,0,0,0,0,
6,210,842,4,309,256,0,0,0,0,0,0,0,0,0,0,0,0,0,0,0,0,0,0,0,0,0,0,0,
660,43,843,461,97,4,0,0,0,0,0,0,0,0,0,0,0,0,0,0,0,0,0,0,0,0,0,0,0,
2,113,308,172,134,350,135,11,79,97,4,504,263,470,39,199,0,0,0,0,0,0,0,0,0,0,0,0,0,
249,93,311,844,163,276,43,845,163,98,68,0,0,0,0,0,0,0,0,0,0,0,0,0,0,0,0,0,0,
186,846,663,0,0,0,0,0,0,0,0,0,0,0,0,0,0,0,0,0,0,0,0,0,0,0,0,0,0,
6,219,847,172,398,97,220,438,256,4,0,0,0,0,0,0,0,0,0,0,0,0,0,0,0,0,0,0,0,
36,559,0,0,0,0,0,0,0,0,0,0,0,0,0,0,0,0,0,0,0,0,0,0,0,0,0,0,0,
449,307,63,40,98,99,97,4,634,156,848,849,0,0,0,0,0,0,0,0,0,0,0,0,0,0,0,0,0,
1,112,229,715,48,156,850,851,0,0,0,0,0,0,0,0,0,0,0,0,0,0,0,0,0,0,0,0,0,
274,371,852,850,851,853,17,49,854,310,24,770,0,0,0,0,0,0,0,0,0,0,0,0,0,0,0,0,0,
248,112,229,715,107,156,313,0,0,0,0,0,0,0,0,0,0,0,0,0,0,0,0,0,0,0,0,0,0,
6,219,238,251,6,32,131,33,264,34,4,0,0,0,0,0,0,0,0,0,0,0,0,0,0,0,0,0,0,
45,51,99,612,855,170,856,857,59,6,32,33,66,80,4,229,715,858,156,851,0,0,0,0,0,0,0,0,0,
6,108,11,106,49,11,103,4,0,0,0,0,0,0,0,0,0,0,0,0,0,0,0,0,0,0,0,0,0,
859,205,77,27,111,39,367,512,0,0,0,0,0,0,0,0,0,0,0,0,0,0,0,0,0,0,0,0,0,
27,170,860,310,861,66,113,170,172,862,39,863,864,310,865,0,0,0,0,0,0,0,0,0,0,0,0,0,0,
325,27,866,512,49,867,45,868,0,0,0,0,0,0,0,0,0,0,0,0,0,0,0,0,0,0,0,0,0,
6,869,45,870,49,45,871,872,873,0,0,0,0,0,0,0,0,0,0,0,0,0,0,0,0,0,0,0,0,
325,27,863,864,0,0,0,0,0,0,0,0,0,0,0,0,0,0,0,0,0,0,0,0,0,0,0,0,0,
874,47,875,4,49,876,0,0,0,0,0,0,0,0,0,0,0,0,0,0,0,0,0,0,0,0,0,0,0,
877,98,2,45,46,47,875,4,49,257,0,0,0,0,0,0,0,0,0,0,0,0,0,0,0,0,0,0,0,
767,4,193,0,0,0,0,0,0,0,0,0,0,0,0,0,0,0,0,0,0,0,0,0,0,0,0,0,0,
6,7,124,453,39,311,680,430,4,383,49,7,835,878,879,39,258,0,0,0,0,0,0,0,0,0,0,0,0,
612,51,287,11,348,23,880,59,497,103,881,882,39,469,883,135,884,39,106,0,0,0,0,0,0,0,0,0,0,
885,6,13,680,181,367,39,275,11,886,106,4,0,0,0,0,0,0,0,0,0,0,0,0,0,0,0,0,0,
5,6,449,311,38,193,23,221,112,0,0,0,0,0,0,0,0,0,0,0,0,0,0,0,0,0,0,0,0,
791,309,106,112,0,0,0,0,0,0,0,0,0,0,0,0,0,0,0,0,0,0,0,0,0,0,0,0,0,
6,13,666,21,11,106,4,80,614,11,238,44,0,0,0,0,0,0,0,0,0,0,0,0,0,0,0,0,0,
887,6,42,72,310,172,787,888,460,0,0,0,0,0,0,0,0,0,0,0,0,0,0,0,0,0,0,0,0,
889,11,745,4,471,475,67,219,890,59,31,11,48,238,106,4,0,0,0,0,0,0,0,0,0,0,0,0,0,
272,4,21,891,0,0,0,0,0,0,0,0,0,0,0,0,0,0,0,0,0,0,0,0,0,0,0,0,0,
791,36,0,0,0,0,0,0,0,0,0,0,0,0,0,0,0,0,0,0,0,0,0,0,0,0,0,0,0,
554,892,279,39,7,11,150,97,106,4,11,822,0,0,0,0,0,0,0,0,0,0,0,0,0,0,0,0,0,
893,894,895,36,39,896,0,0,0,0,0,0,0,0,0,0,0,0,0,0,0,0,0,0,0,0,0,0,0,
100,307,33,97,11,48,238,4,80,897,263,524,0,0,0,0,0,0,0,0,0,0,0,0,0,0,0,0,0,
467,2,272,36,259,898,0,0,0,0,0,0,0,0,0,0,0,0,0,0,0,0,0,0,0,0,0,0,0,
899,819,99,97,4,0,0,0,0,0,0,0,0,0,0,0,0,0,0,0,0,0,0,0,0,0,0,0,0,
27,500,4,276,167,900,820,0,0,0,0,0,0,0,0,0,0,0,0,0,0,0,0,0,0,0,0,0,0,
116,4,2,45,901,39,199,0,0,0,0,0,0,0,0,0,0,0,0,0,0,0,0,0,0,0,0,0,0,
467,100,231,902,4,311,903,347,4,733,0,0,0,0,0,0,0,0,0,0,0,0,0,0,0,0,0,0,0,
268,113,562,274,904,905,0,0,0,0,0,0,0,0,0,0,0,0,0,0,0,0,0,0,0,0,0,0,0,
612,124,11,4,635,21,906,907,0,0,0,0,0,0,0,0,0,0,0,0,0,0,0,0,0,0,0,0,0,
6,908,909,11,766,860,49,910,691,911,201,112,78,179,45,637,0,0,0,0,0,0,0,0,0,0,0,0,0,
554,912,49,6,67,453,39,276,11,913,43,606,914,21,915,470,916,0,0,0,0,0,0,0,0,0,0,0,0,
517,49,915,266,67,523,430,237,114,6,170,570,6,229,166,11,79,163,64,56,113,0,0,0,0,0,0,0,0,
515,51,917,2,468,93,918,39,4,267,32,33,11,919,56,45,920,78,921,0,0,0,0,0,0,0,0,0,0,
922,923,31,613,267,31,32,33,264,0,0,0,0,0,0,0,0,0,0,0,0,0,0,0,0,0,0,0,0,
268,93,924,21,4,39,715,925,0,0,0,0,0,0,0,0,0,0,0,0,0,0,0,0,0,0,0,0,0,
268,93,924,21,4,39,715,925,727,926,66,45,927,897,56,45,79,928,929,0,0,0,0,0,0,0,0,0,0,
36,930,376,0,0,0,0,0,0,0,0,0,0,0,0,0,0,0,0,0,0,0,0,0,0,0,0,0,0,
554,912,49,6,931,11,4,932,21,933,770,0,0,0,0,0,0,0,0,0,0,0,0,0,0,0,0,0,0,
661,388,123,39,199,237,59,77,68,811,110,11,932,2,790,0,0,0,0,0,0,0,0,0,0,0,0,0,0,
6,33,93,934,45,4,39,935,49,73,80,48,402,0,0,0,0,0,0,0,0,0,0,0,0,0,0,0,0,
59,110,936,56,937,67,43,760,39,166,45,4,430,45,932,0,0,0,0,0,0,0,0,0,0,0,0,0,0,
36,938,0,0,0,0,0,0,0,0,0,0,0,0,0,0,0,0,0,0,0,0,0,0,0,0,0,0,0,
248,67,45,107,939,112,0,0,0,0,0,0,0,0,0,0,0,0,0,0,0,0,0,0,0,0,0,0,0,
41,320,77,4,324,940,0,0,0,0,0,0,0,0,0,0,0,0,0,0,0,0,0,0,0,0,0,0,0,
6,31,628,11,106,4,459,78,941,56,220,470,942,49,170,171,66,93,229,230,943,39,199,66,45,944,945,124,946,
248,195,4,77,6,247,0,0,0,0,0,0,0,0,0,0,0,0,0,0,0,0,0,0,0,0,0,0,0,
248,195,4,229,230,107,21,195,191,49,947,0,0,0,0,0,0,0,0,0,0,0,0,0,0,0,0,0,0,
6,7,948,4,49,93,949,950,59,135,951,135,27,952,45,953,703,954,27,7,955,163,952,93,956,55,0,0,0,
299,307,33,66,957,4,2,645,21,958,0,0,0,0,0,0,0,0,0,0,0,0,0,0,0,0,0,0,0,
27,33,38,112,247,959,960,56,45,961,408,0,0,0,0,0,0,0,0,0,0,0,0,0,0,0,0,0,0,
84,113,680,103,163,106,112,0,0,0,0,0,0,0,0,0,0,0,0,0,0,0,0,0,0,0,0,0,0,
554,912,49,6,7,11,962,23,246,113,67,680,106,112,163,103,112,0,0,0,0,0,0,0,0,0,0,0,0,
274,549,313,42,963,347,964,163,965,59,966,666,21,56,343,0,0,0,0,0,0,0,0,0,0,0,0,0,0,
515,962,382,347,666,310,45,967,21,777,99,97,4,56,933,968,459,0,0,0,0,0,0,0,0,0,0,0,0,
969,22,970,36,0,0,0,0,0,0,0,0,0,0,0,0,0,0,0,0,0,0,0,0,0,0,0,0,0,
274,312,39,220,971,22,49,27,407,39,972,38,4,156,40,0,0,0,0,0,0,0,0,0,0,0,0,0,0,
45,973,67,4,974,49,27,108,39,972,11,4,39,975,59,240,976,11,977,814,613,978,0,0,0,0,0,0,0,
5,303,98,2,45,979,58,97,11,79,97,980,270,4,0,0,0,0,0,0,0,0,0,0,0,0,0,0,0,
27,13,981,982,342,983,984,0,0,0,0,0,0,0,0,0,0,0,0,0,0,0,0,0,0,0,0,0,0,
114,27,985,39,715,986,987,49,27,13,523,818,34,93,0,0,0,0,0,0,0,0,0,0,0,0,0,0,0,
24,988,2,14,191,989,39,990,49,796,991,195,4,39,93,0,0,0,0,0,0,0,0,0,0,0,0,0,0,
13,27,87,39,7,195,4,163,100,80,992,135,212,263,0,0,0,0,0,0,0,0,0,0,0,0,0,0,0,
254,32,63,40,39,752,545,993,313,2,110,27,994,34,0,0,0,0,0,0,0,0,0,0,0,0,0,0,0,
376,34,369,0,0,0,0,0,0,0,0,0,0,0,0,0,0,0,0,0,0,0,0,0,0,0,0,0,0,
274,11,995,548,97,996,103,112,0,0,0,0,0,0,0,0,0,0,0,0,0,0,0,0,0,0,0,0,0,
554,741,2,997,0,0,0,0,0,0,0,0,0,0,0,0,0,0,0,0,0,0,0,0,0,0,0,0,0,
299,307,7,172,193,97,172,160,998,238,112,0,0,0,0,0,0,0,0,0,0,0,0,0,0,0,0,0,0,
268,11,48,350,34,201,4,45,65,80,43,42,199,999,45,771,822,49,86,317,43,67,0,0,0,0,0,0,0,
342,201,4,0,0,0,0,0,0,0,0,0,0,0,0,0,0,0,0,0,0,0,0,0,0,0,0,0,0,
98,2,45,1000,1001,21,11,4,1002,0,0,0,0,0,0,0,0,0,0,0,0,0,0,0,0,0,0,0,0,
1003,156,11,1004,0,0,0,0,0,0,0,0,0,0,0,0,0,0,0,0,0,0,0,0,0,0,0,0,0,
1,2,11,48,103,49,106,4,0,0,0,0,0,0,0,0,0,0,0,0,0,0,0,0,0,0,0,0,0,
1,2,11,48,59,221,106,49,103,4,0,0,0,0,0,0,0,0,0,0,0,0,0,0,0,0,0,0,0,
268,4,11,1005,199,0,0,0,0,0,0,0,0,0,0,0,0,0,0,0,0,0,0,0,0,0,0,0,0,
6,1006,131,219,11,1007,1008,106,4,0,0,0,0,0,0,0,0,0,0,0,0,0,0,0,0,0,0,0,0,
89,43,1009,241,11,1010,156,11,652,163,1011,0,0,0,0,0,0,0,0,0,0,0,0,0,0,0,0,0,0,
268,4,680,1012,39,1013,0,0,0,0,0,0,0,0,0,0,0,0,0,0,0,0,0,0,0,0,0,0,0,
330,476,39,4,49,27,108,39,258,1014,49,1015,11,225,1016,97,24,1017,430,11,4,665,0,0,0,0,0,0,0,
36,193,0,0,0,0,0,0,0,0,0,0,0,0,0,0,0,0,0,0,0,0,0,0,0,0,0,0,0,
6,229,219,39,261,355,251,59,13,1018,56,561,0,0,0,0,0,0,0,0,0,0,0,0,0,0,0,0,0,
6,77,1019,1020,80,274,1021,39,523,238,112,0,0,0,0,0,0,0,0,0,0,0,0,0,0,0,0,0,0,
1022,49,1023,1024,67,24,1025,0,0,0,0,0,0,0,0,0,0,0,0,0,0,0,0,0,0,0,0,0,0,
249,43,317,97,293,546,6,442,219,0,0,0,0,0,0,0,0,0,0,0,0,0,0,0,0,0,0,0,0,
36,1026,0,0,0,0,0,0,0,0,0,0,0,0,0,0,0,0,0,0,0,0,0,0,0,0,0,0,0,
6,229,219,39,258,1014,106,112,0,0,0,0,0,0,0,0,0,0,0,0,0,0,0,0,0,0,0,0,0,
6,170,171,66,393,449,480,40,545,135,39,110,39,715,34,664,0,0,0,0,0,0,0,0,0,0,0,0,0,
6,108,39,258,545,156,562,68,114,1027,59,691,194,24,862,165,0,0,0,0,0,0,0,0,0,0,0,0,0,
299,307,1028,4,78,11,848,964,0,0,0,0,0,0,0,0,0,0,0,0,0,0,0,0,0,0,0,0,0,
268,1029,256,0,0,0,0,0,0,0,0,0,0,0,0,0,0,0,0,0,0,0,0,0,0,0,0,0,0,
268,4,48,21,43,0,0,0,0,0,0,0,0,0,0,0,0,0,0,0,0,0,0,0,0,0,0,0,0,
249,1030,687,40,38,1031,49,1032,34,1033,49,272,4,0,0,0,0,0,0,0,0,0,0,0,0,0,0,0,0,
6,1034,240,1035,330,23,45,1036,1037,0,0,0,0,0,0,0,0,0,0,0,0,0,0,0,0,0,0,0,0,
249,27,247,1038,4,56,195,718,719,0,0,0,0,0,0,0,0,0,0,0,0,0,0,0,0,0,0,0,0,
